60 56 
2 56 
44 71 
26 94 
34 66 
55 70 
96 90 
78 57 
61 85 
95 55 
64 86 
71 59 
95 83 
15 38 
71 78 
77 83 
86 79 
40 31 
50 18 
77 36 
37 84 
6 85 
74 36 
42 87 
21 89 
42 38 
27 66 
49 22 
49 65 
12 73 
95 41 
56 81 
20 48 
12 23 
67 89 
11 56 
73 70 
41 0 
58 36 
87 32 
77 82 
70 57 
48 71 
79 49 
36 44 
22 31 
85 79 
65 58 
27 77 
33 46 
19 44 
54 44 
66 48 
44 25 
84 84 
57 13 
66 79 
70 66 
50 2 
15 87 
98 38 
70 83 
69 87 
93 48 
65 26 
95 36 
23 1 
80 41 
49 77 
66 85 
61 75 
99 27 
54 21 
45 5 
75 60 
44 73 
50 66 
9 71 
54 2 
20 71 
81 67 
7 56 
68 39 
97 18 
16 64 
55 77 
39 54 
56 46 
28 53 
3 55 
66 47 
81 16 
65 90 
40 19 
44 12 
42 25 
79 49 
33 99 
41 31 
69 57 
